# Camera list with one line of data per camera:
#   CAMERA_ID, MODEL, WIDTH, HEIGHT, PARAMS[]
# Number of cameras: 41
20 SIMPLE_RADIAL 768 1024 729.32448830823569 384 512 0.047506769744963581
18 SIMPLE_RADIAL 1024 768 1407.5512623459094 512 384 0.15828737117894734
17 SIMPLE_RADIAL 768 1024 703.49882060631148 384 512 0.055298155900328501
16 SIMPLE_RADIAL 768 1024 2312.6398690810838 384 512 -0.15309035134561835
15 SIMPLE_RADIAL 1024 768 716.66852693609371 512 384 0.021135677840692275
14 SIMPLE_RADIAL 768 1024 703.32140718040478 384 512 0.072500121939923459
30 SIMPLE_RADIAL 768 1024 1454.7079862266849 384 512 0.14368101501398678
1 SIMPLE_RADIAL 1024 768 711.85464220112146 512 384 0.050862840389544486
9 SIMPLE_RADIAL 768 1024 760.83851396903344 384 512 0.03139693569423288
8 SIMPLE_RADIAL 768 1024 2257.9662650444702 384 512 0.21361304765573672
37 SIMPLE_RADIAL 1024 768 715.37305477209441 512 384 0.017991795667288361
40 SIMPLE_RADIAL 1024 768 1962.1647768172709 512 384 0.55703621831947137
21 SIMPLE_RADIAL 768 1024 2686.9931078541031 384 512 0.29855745556229113
22 SIMPLE_RADIAL 768 1024 2264.0718612811334 384 512 0.1533330652701809
23 SIMPLE_RADIAL 768 1024 1914.1209236966881 384 512 0.15109140171372129
24 SIMPLE_RADIAL 768 1024 701.82826601496868 384 512 0.049779504851765438
27 SIMPLE_RADIAL 768 1024 2298.9669408302757 384 512 0.20931042569863062
28 SIMPLE_RADIAL 768 1024 719.3024621967005 384 512 0.10597267405587063
29 SIMPLE_RADIAL 768 1024 2258.7752478867046 384 512 0.22624307762442566
19 SIMPLE_RADIAL 768 1024 1228.8 384 512 0
12 SIMPLE_RADIAL 768 1024 1411.5743045981458 384 512 0.14009685939082953
41 SIMPLE_RADIAL 768 1024 2295.3778224556595 384 512 0.19567173792762724
25 SIMPLE_RADIAL 768 1024 696.31096138388034 384 512 -0.015526358927076569
38 SIMPLE_RADIAL 768 1024 1228.8 384 512 0
26 SIMPLE_RADIAL 768 1024 719.56545266140711 384 512 0.11159662248118997
39 SIMPLE_RADIAL 768 1024 1228.8 384 512 0
10 SIMPLE_RADIAL 768 1024 1414.9473552859465 384 512 0.12643318272637041
13 SIMPLE_RADIAL 768 1024 2268.8140743245176 384 512 0.17521261918405215
31 SIMPLE_RADIAL 768 1024 775.38824994001197 384 512 0.1072560370932005
2 SIMPLE_RADIAL 768 1024 757.37903678889097 384 512 0.071259887487527221
32 SIMPLE_RADIAL 768 1024 690.73539425383444 384 512 0.17510971747846252
3 SIMPLE_RADIAL 768 1024 2240.1211528938211 384 512 0.23055988384238457
33 SIMPLE_RADIAL 768 1024 701.38157497777377 384 512 0.10954806985700778
4 SIMPLE_RADIAL 768 1024 1401.7398399907638 384 512 0.13622549048815738
34 SIMPLE_RADIAL 768 1024 2180.0649866849858 384 512 0.19952643877670481
5 SIMPLE_RADIAL 768 1024 2246.9223671485997 384 512 0.17681296428710874
35 SIMPLE_RADIAL 768 1024 403.77875034981435 384 512 -0.011290357889194233
6 SIMPLE_RADIAL 768 1024 2257.4282776419191 384 512 0.16764808498525127
36 SIMPLE_RADIAL 768 1024 2230.2396502348201 384 512 0.22410884798139091
7 SIMPLE_RADIAL 768 1024 2263.730149741265 384 512 0.15933294068016865
11 SIMPLE_RADIAL 768 1024 2242.3363836728945 384 512 0.17285874410125709
